5000 1.06608e-06 8.6154e-07 8.9594e-07 2.4236e-07
10000 1.26535e-06 4.0274e-07 9.9473e-07 2.6555e-07
15000 1.3079e-06 3.661e-07 1.14283e-06 2.77773e-07
20000 1.41536e-06 4.08555e-07 1.18888e-06 2.8602e-07
25000 1.5086e-06 3.96248e-07 1.23234e-06 2.86948e-07
30000 1.59145e-06 3.99147e-07 1.296e-06 3.10407e-07
35000 1.595e-06 4.44969e-07 1.42494e-06 3.08917e-07
40000 1.64802e-06 3.92202e-07 1.4657e-06 3.06088e-07
45000 1.72528e-06 4.40318e-07 1.4738e-06 3.30131e-07
50000 1.76391e-06 4.08542e-07 1.5477e-06 3.4785e-07
